$ANSIBLE_VAULT;1.1;AES256
39373461356237373231616234636563383134363439356336373864386235616663663265353236
6235666334323965333561346636316262613234303364640a356635666637373231376537383530
63626437343534636562386666363464366263313938393833326135343163326235646634303336
3932653263333565380a646634343234333738323038333739393634326564316334643031373262
61643932616565623362653962346333653636616631366363636435633236663731343331653939
38383835646338363264376638373861636665633630666233636634616165623637333937663062
63616434383438346239356562643339316662363533393333303931653133646232313161383365
66353534383232303434336664643964373065333231636235666662613031326561386430373032
37373734666464616232383030623064396461656232343932393464666339653365663730393265
35386166633031646330373636326435393336613234326664333632366535323032363362643733
65333663643036626663316337313662353561653730326637616331623839326533643839363939
39303834663566323330
