$ANSIBLE_VAULT;1.1;AES256
63313165656534343662636336333331353036646631346464633939343163646566333234366338
6632313363343936336535633063303131373334383161610a666264303065616331333138333631
33666165346437336330636165326661663634643363626531633336626365656235633838376461
3632646364663631640a363361346161393035303531393632313364336433663230326165636137
35353665656162353737636166333333303732336637393731653439323365323035396533393965
32613736303833383332663738616635333438303264363362633035636132326532356331353931
62353537323765333363383663393561363335393462316135653366396465316235333731656666
66373533383862323934636164656534393035363165656666373036353732333261626265373835
34336633613466363938386536613536386366393065306330333739643163636632626466613066
64396162393861353936376163313863663036376634336632326166663534656438393336356662
32646262383861626234653963383237333466356462343234323436306234303733306562383131
66376136623461656637373038306633323366626435393636386263626335636534653064663266
35363233656232653737393561643366396538393766396265396531643734666339363830626262
33663631356330653836623834376338393633653731663164663639323034343435656339316132
38646666343632346462623531373639626236653836383761386431346433653731386131383461
34346166333765343136353130386439643561633962386432613462663537646630643132616232
6466
